c
133.357 80 -812.206-0.0699432-0.01899990.997551
l
78 951.4 -1723 1 1 1 1 1 1 1 1 1 0.1 0.00255942 1e-07 1 0 -1 0 1 0 10 20 1 1 
l
0 -46.4 -0.2 1 1 0 0 1 1 0 0 1 0.1 1e-05 0.1 1 -1.07374e+08 -1.07374e+08 -1.07374e+08 -1.07374e+08 0 0 0 1 1 
l
0 0 0 1 1 1 1 1 1 1 1 1 -1.07374e+08 -1.07374e+08 -1.07374e+08 -1.07374e+08 -1.07374e+08 -1.07374e+08 -1.07374e+08 -1.07374e+08 0 0 0 1 0 
l
0 -41 0 1 1 1 0 1 1 0 0 1 0.1 1e-05 0.1 1 -1.07374e+08 -1.07374e+08 -1.07374e+08 -1.07374e+08 0 0 0 1 1 
l
0 -290 240 1 0 1 0 1 1 0 0 1 0.1 1e-05 0.1 1 -1.07374e+08 -1.07374e+08 -1.07374e+08 -1.07374e+08 0 0 0 1 1 
l
0 10 0 1 1 0 1 1 1 0 0 1 0.1 1e-05 0.1 1 -1.07374e+08 -1.07374e+08 -1.07374e+08 -1.07374e+08 0 0 0 1 1 
o
Flat Ground -305.2 0 0.8 4.7 0 0 3 0 0 0 0 0 1 0 1
o
Flat Wall -304 0 0 0 0 0 3 0 0 0 0 0 1 0 1
o
Cone Cone1 141 -272 -245 0 0 0 24 0 0 0 0 0 1 0 1
o
Cube Cube1 78 61 -180 0 0 0 77 0 0 0 0 0 1 0 1
o
Target Target1 120.224 42 -16 0 0 0 3 0 0 0 0 0 1 0 1
o
Target Target2 -12.7779 105 -233 0 0 0 3 0 0 0 0 0 1 0 1
o
Target Target3 124.224 100 -185 0 0 0 3 0 0 0 0 0 1 0 1
o
Target Target4 -174.777 28 45 0 0 0 3 0 0 0 0 0 1 0 1
o
Target Target5 74.779 48 -115 0 0 0 3 0 0 0 0 0 1 0 1
o
Cone 2da 0 0 0 0 0 0 1 0 0 0 0 0 1 0 1
o
Cube Cube2 27 5 -165 0 0 0 72 0 0 0 0 0 1 0 1
o
Cone Cone3 0 0 0 0 0 0 1 0 0 0 0 0 1 0 1
o
Cube Cube3 -188 56 -126 0 0 0 61 0 0 0 0 0 1 0 1
o
ISO_Sphere_1 Debug_Sphere_1 78 951.4 -1723 0 0 0 1 1 1 1 1 1 1 1 0
o
ISO_Sphere_1 Debug_Sphere_2 78 951.4 -1723 0 0 0 473.633 1 1 1 0 0 1 1 0
o
ISO_Sphere_1 Debug_Sphere_3 78 951.4 -1723 0 0 0 722.656 1 1 0 1 0 1 1 0
o
ISO_Sphere_1 Debug_Sphere_4 78 951.4 -1723 0 0 0 1445.31 1 1 0 1 1 1 1 0
o
ISO_Sphere_1 Debug_Sphere_5 78 951.4 -1723 0 0 0 6250 1 1 0 1 1 1 1 0
